    0.886136     1.041809     1.221354     1.224293    -0.023556     0.369167     0.920339     0.837263
    1.041809     1.395848     1.534077     1.537808    -0.048567     0.438242     1.137633     1.030921
    1.221354     1.534077     2.125394     2.105097    -0.086787     0.509856     1.381875     1.249304
    1.224293     1.537808     2.105097     2.137185    -0.087614     0.510187     1.384302     1.251425
   -0.023556    -0.048567    -0.086787    -0.087614     0.092576     0.037706    -0.035609    -0.036718
    0.369167     0.438242     0.509856     0.510187     0.037706     0.246229     0.391546     0.357044
    0.920339     1.137633     1.381875     1.384302    -0.035609     0.391546     1.126514     0.981566
    0.837263     1.030921     1.249304     1.251425    -0.036718     0.357044     0.981566     0.907800
