    0.892007     1.046400     1.223651     1.228720    -0.019427     0.375516     0.925265     0.844233
    1.046400     1.397607     1.532930     1.539317    -0.044657     0.444494     1.140662     1.036593
    1.223651     1.532930     2.118908     2.101121    -0.082787     0.515126     1.381077     1.252354
    1.228720     1.539317     2.101121     2.135743    -0.083266     0.516308     1.385482     1.256429
   -0.019427    -0.044657    -0.082787    -0.083266     0.096301     0.041507    -0.031156    -0.032293
    0.375516     0.444494     0.515126     0.516308     0.041507     0.251905     0.397485     0.363655
    0.925265     1.140662     1.381077     1.385482    -0.031156     0.397485     1.130717     0.987824
    0.844233     1.036593     1.252354     1.256429    -0.032293     0.363655     0.987824     0.915716
